2025060906
2025060912
2025060918
2025061000
2025061006
2025061812
2025061818
2025061900
2025061906
2025061912
2025061918
2025070100
2025070106
2025070112
2025070118
2025070200
2025070206
2025070212
2025070218
2025070300
2025080118
2025080200
2025080206
2025080212
2025080218
2025081606
2025081612
2025081618
2025081700
2025081706
2025081712
2025081718
2025081800
2025081806
2025081812
2025081818
2025081900
2025081906
2025081912
2025081918
2025082000
2025082006
2025082012
2025082018
2025082100
2025082106
